3.203210461110801788e+01 8.204077742218672142e+01
1.034444030779105219e+02 8.308392871887802755e+01
4.462600440924513379e+01 7.624190208521692114e+01
9.897409396296473005e+01 8.830142708467685964e+01
7.170447825979790935e+01 2.580609026768305014e+01
3.682875145656134919e+01 7.193964951859837242e+01
8.955492484380830831e+01 9.182466113778129113e+01
1.730240621338157680e+01 5.588558939919126800e+01
3.335607870487071125e+01 7.698834364656927676e+01
1.785384107840238599e+01 6.928690161300451678e+01
4.436972801952848755e+01 8.370147311550897484e+01
1.960584783727876257e+01 7.375324151527829031e+01
7.427483386316454528e+01 2.313281279189923367e+01
2.199903571588218654e+01 5.989674341926635748e+01
4.098918767467078084e+01 7.871151040604334526e+01
8.551960903216090060e+01 8.782615120638253359e+01
7.323291537663614292e+01 2.123054224117549538e+01
8.843466993648283392e+01 9.266910126533258563e+01
2.176405651117275397e+01 6.552552061583301679e+01
9.495419668575064520e+01 8.853386146223711251e+01
7.721995435590802970e+01 2.513054099570963373e+01
2.468516059652858985e+01 6.395980211914602620e+01
2.547199984281475693e+01 8.091280495126703443e+01
8.058416798107980128e+01 2.475397744910937448e+01
2.407539571846984217e+01 8.063345982979065241e+01
2.592955707171247326e+01 8.536601410930438760e+01
9.928999268338905893e+01 8.800687572271556292e+01
9.023416289642455013e+01 8.326887527666191602e+01
4.374336515654389501e+01 8.253072434640105826e+01
2.597603738586742850e+01 8.059074735128749012e+01
3.113971247528590780e+01 8.191908892046650692e+01
9.004005265063683794e+01 8.240992000370630421e+01
4.313484739206499796e+01 8.072631117232272402e+01
2.736470770356470084e+01 7.633981581303901010e+01
3.784769466923755488e+01 7.668482821709436337e+01
9.389248789826746133e+01 8.328138175667159260e+01
7.560045314158233509e+01 2.300026060413964757e+01
3.821146507635410927e+01 7.904893901136415479e+01
2.739104856896517859e+01 7.890142577894759768e+01
1.008548289089971632e+02 8.526736784226142163e+01
3.072183430836287954e+01 8.670538203121898846e+01
9.052787914113409329e+01 8.653525433141385292e+01
1.814469412310533158e+01 6.086006668628041893e+01
2.470063613004106884e+01 8.075300032680497964e+01
1.986587849651716553e+01 5.327429675813465337e+01
8.079107983448831476e+01 3.214088687679744538e+01
2.810480773490193585e+01 7.818443716800409504e+01
4.775288710863693353e+01 7.604781168158076810e+01
2.012524702648259023e+01 6.385490311835764032e+01
8.458364688564779499e+01 2.515354298400237454e+01
9.162003077997495382e+01 8.422166693627329437e+01
9.268626804808653219e+01 8.703182716227698279e+01
4.478311894438611773e+01 8.004086855183612670e+01
9.790474815146977505e+01 9.406305376338141855e+01
4.083149133583992807e+01 7.274941651378823337e+01
7.581904092462457356e+01 2.709520742431133300e+01
9.765819675694893931e+01 8.977929064048146302e+01
2.525139657053355435e+01 6.117016203355228754e+01
7.478567075908077300e+01 3.045247953036474797e+01
4.051803797335129076e+01 7.678856964062977397e+01
7.730103195077940370e+01 2.938402754312700438e+01
4.438194552042395458e+01 7.677941470326169338e+01
2.487713174274001204e+01 8.329621930199816404e+01
8.699584418078825365e+01 2.183899522904521717e+01
9.320623610625703748e+01 7.819124305714792911e+01
3.320200388986252449e+01 7.874255092316973048e+01
7.990090884103841518e+01 2.724020162934777645e+01
4.607729250362091022e+01 7.712072384881614084e+01
8.024844392048620989e+01 2.444024787195866821e+01
7.388111179518166693e+01 3.052696650891506991e+01
2.037650691630728872e+01 6.144671623183079134e+01
2.874335088522693482e+01 7.965472105423823734e+01
9.274472925354817221e+01 8.486375887684869213e+01
7.478814455581301956e+01 2.717658571509219811e+01
4.810166754519175925e+01 7.724103825119780709e+01
4.438419263759701039e+01 7.862678062638468646e+01
8.027684156522840908e+01 2.701314966419756658e+01
2.901063906239915724e+01 8.221678333190585874e+01
2.482607654532288777e+01 7.661612463913576221e+01
7.812375455036685423e+01 2.607256620005476577e+01
9.995101220893508298e+01 8.696389295104982864e+01
9.494924022147296228e+01 9.104941007156533317e+01
6.821275274260216293e+01 2.248226717901416194e+01
1.583600445300876913e+01 5.971669766759340803e+01
3.948863719817939000e+01 8.273293953625453412e+01
4.990125491781954992e+01 7.199458844976616945e+01
4.222320861857789964e+01 7.754183862114378201e+01
1.581868474045754880e+01 6.343700728159154778e+01
7.522317873758619555e+01 2.972107921337036629e+01
4.340726660032945716e+01 7.784169338642062996e+01
2.691444006014662449e+01 8.121733214196001427e+01
4.362364161127347018e+01 8.020310650136171660e+01
7.670147754036555909e+01 2.713928463990052364e+01
9.594490673728620322e+01 8.794062315867854807e+01
1.389802343710549337e+01 6.874068686276635276e+01
3.156080707894032855e+01 7.674242231161235850e+01
1.973428252278982598e+01 5.960178858148371717e+01
7.175753638662433787e+01 2.530160519202143732e+01
7.191990612920884018e+01 2.786875791493029908e+01
4.145498690811318454e+01 7.914876687417380197e+01
2.241529475424968965e+01 6.110040203355265476e+01
1.905444393105191381e+01 6.380387624439681815e+01
7.980902161806307049e+01 2.901303954136088947e+01
2.309131845045378029e+01 5.462955314285311204e+01
7.616666969068191406e+01 2.369619464813806786e+01
7.639998189140629847e+01 1.854730782036764225e+01
1.543623721870405774e+01 6.276908817208830982e+01
8.025060362382218671e+01 2.793875883687684691e+01
2.089757803850933726e+01 6.704269438264793735e+01
2.300822853824595171e+01 7.335218853720017762e+01
2.177067448351673917e+01 5.818738324632289505e+01
2.582655985128320353e+01 8.161601023215862938e+01
3.024518430373545996e+01 7.593066104775743952e+01
4.895975071968140213e+01 7.275171269648573968e+01
2.296677333886978900e+01 8.564474696773059748e+01
9.010998127277272829e+01 8.049600389343189022e+01
2.001856186077833044e+01 6.385140171003865106e+01
1.973411109339176761e+01 6.380252397677031695e+01
9.848842323371098928e+01 7.702131703312483069e+01
2.038378157740161711e+01 5.650851441939819608e+01
9.770044991691524672e+01 8.731838387027067938e+01
2.794759511525438000e+01 8.402552766450247645e+01
4.542923023395952953e+01 8.103656902365882786e+01
7.775399137242193603e+01 2.767481738841219396e+01
9.594032226463782820e+01 8.575557408432997875e+01
7.849206906547598805e+01 3.257482283954765734e+01
1.417833062084245199e+01 5.922131644035435727e+01
3.295079657458762767e+01 7.965319914012920322e+01
2.209309942887527001e+01 7.958762858394911177e+01
2.693116342565755161e+01 7.795199481460963398e+01
2.501387120996508884e+01 8.121713422391522386e+01
7.707548534347432678e+01 2.314700798813318272e+01
9.791596583908481932e+01 8.940602834218998396e+01
2.817433377767335045e+01 8.093005258442300942e+01
2.514719068383637079e+01 8.198460690954659924e+01
2.222493452095049804e+01 6.916290620332816275e+01
9.261989825637446927e+01 8.598404700578163329e+01
3.873123389920047543e+01 7.942673908635900659e+01
8.280117431179844800e+01 2.360678223577340873e+01
8.537634915239722488e+01 2.435163958722183253e+01
3.019636501932441064e+01 7.581396692130552140e+01
8.373302827601260390e+01 2.547691774459067915e+01
1.332269862781926051e+01 6.728071214403232148e+01
8.256573358014688324e+01 2.601365222780385622e+01
8.022361891137296652e+01 1.949793347791406362e+01
1.768217998814941083e+01 5.910879598205854535e+01
2.366767538793005343e+01 5.949142392241353150e+01
8.570796484217540012e+01 2.706789000590505978e+01
4.345082415530882969e+01 8.616680925418036452e+01
4.479298177868763986e+01 7.169111315880141433e+01
2.812945174769113166e+01 8.266175334038545941e+01
5.002555339552316127e+01 7.558730055706364226e+01
4.439999578901567645e+01 7.886821188579409636e+01
2.232712443949490222e+01 7.115261039479548799e+01
2.041313497768814500e+01 6.916348763515071596e+01
4.217866301107574145e+01 8.045841023832616656e+01
7.459042148190461319e+01 2.583321519317064130e+01
1.622526629778630536e+01 6.581758165779987735e+01
8.409743321561794005e+01 2.267666972251377189e+01
3.419961627032232343e+01 7.694143762815785692e+01
2.798318843216851093e+01 7.545884456174589161e+01
7.697301438166992682e+01 3.441089538877579201e+01
4.176011349697808583e+01 7.518626069123052957e+01
1.724912114762225457e+01 6.758304815349750072e+01
1.686191620379645428e+01 6.187628049042482559e+01
4.503030489785734858e+01 7.392776572530060264e+01
9.664902072502454189e+01 8.813424034443193023e+01
8.110507233992655074e+01 2.413905385381210777e+01
9.785127628429881952e+01 8.923650390370700336e+01
3.934142017963063154e+01 6.864727337747649472e+01
2.873478349243899999e+01 8.780848048134259898e+01
9.446448793148621803e+01 8.868181676878863584e+01
1.847351195284305447e+01 7.105184284830350805e+01
3.121038454450840760e+01 8.710484723211456526e+01
4.257966077020136453e+01 7.859500810897677070e+01
1.468447045358980674e+01 5.954124309643609081e+01
5.268544009048456189e+01 7.462363003695902819e+01
4.961323842003572082e+01 8.346142687193368204e+01
8.414412578399037557e+01 2.416458854339685303e+01
4.645190442256129870e+01 7.733924260892308666e+01
7.504264344193951786e+01 2.968848929763154132e+01
4.960510273555919980e+01 7.525358125649965757e+01
9.568984699505763558e+01 8.843487546215010298e+01
2.518928338716384019e+01 7.190253307479537170e+01
9.631974281909872104e+01 8.390760443039150118e+01
9.425262705244918493e+01 8.215996617093419729e+01
2.198208151710287694e+01 6.244984265682112579e+01
2.961893285742180737e+01 7.643589224242977309e+01
4.280034932041721873e+01 7.344088648882529924e+01
4.152481549643150061e+01 7.932570029612645612e+01
4.373149422950069720e+01 7.629814016191410531e+01
9.109706404368829169e+01 9.464097281125050642e+01
7.883594266155652974e+01 2.359062988335426070e+01
4.443416150991300384e+01 7.869989884570084371e+01
4.414085202723335044e+01 7.975752298362606041e+01
4.880792721060816319e+01 8.131700025777037411e+01
7.747935916110277788e+01 2.530078458973723343e+01
1.995159438650452444e+01 5.800014119518456113e+01
1.920837938959744662e+01 5.747870564007187966e+01
1.525540833338943258e+01 6.962014013605535467e+01
2.041468381473692872e+01 6.152975988572497101e+01
9.295478756211932136e+01 8.627614710523184272e+01
4.408916867609489287e+01 8.170635492001106570e+01
2.324340578431875315e+01 8.375073338602823014e+01
1.905465602908055089e+01 5.894785032476623599e+01
9.346474329385083024e+01 8.412950432103434650e+01
4.098213924855026136e+01 7.785426664175967915e+01
3.866496482874030960e+01 7.791387348672715518e+01
7.732463670444758463e+01 2.329771490728244387e+01
4.618324995860389492e+01 7.543315315880037986e+01
8.900716362538383919e+01 9.080552753966496482e+01
2.837918476537410584e+01 7.494164595285000985e+01
1.986827575499391685e+01 5.697813189593954064e+01
1.767961005854682099e+01 5.792397288787719134e+01
8.006105088803946046e+01 2.373932771468262715e+01
1.622888960171299999e+01 6.333379875030701811e+01
9.127632592379654852e+01 8.794385078393965216e+01
8.149404960459324343e+01 2.262636506857790408e+01
2.572601134709306336e+01 8.007436850939676276e+01
9.412582999971569109e+01 8.355609760371514483e+01
7.654522397274325840e+01 2.402698317786278892e+01
2.151895664028514688e+01 5.774065300532258505e+01
2.610288787894037910e+01 8.307659840838452681e+01
1.321412984042186167e+01 6.243163654296597542e+01
1.050589324426141786e+02 8.737676132736143586e+01
9.965493964164383556e+01 8.505359360717321238e+01
2.309562851773233305e+01 5.198695379769417002e+01
8.470728310780138770e+01 2.526077296366479530e+01
2.859364904893370962e+01 8.514356397161110124e+01
2.015670770588784322e+01 6.589493090832783651e+01
2.066254795310176817e+01 5.766587090294100904e+01
1.001186350996672445e+02 8.754984239807851054e+01
4.524885933982313446e+01 7.786882367156408691e+01
4.457370210528414844e+01 7.595510506625502956e+01
4.192076005505862213e+01 7.762786432791601499e+01
9.580963276674083318e+01 9.391282404218030422e+01
4.534628627273546897e+01 7.633281003032810474e+01
5.155220428171558211e+01 6.762296653410302838e+01
2.745519314188454985e+01 6.207786206997867140e+01
4.154708423445875098e+01 7.328258624392006482e+01
3.645777948999413809e+01 7.763225617665081302e+01
2.965120086118604803e+01 8.095208825886355442e+01
9.554962830407755803e+01 8.714401645837020283e+01
7.598613802009396068e+01 2.313912978042223045e+01
2.424484804939115890e+01 6.219929054176149208e+01
5.013288188419085145e+01 8.288184868640993841e+01
7.900749989862745792e+01 2.475986399270803773e+01
1.923207501703336675e+01 6.144083707343967404e+01
4.375004352158819643e+01 7.821222869040177272e+01
7.570482395306815704e+01 2.676479285546374953e+01
8.073573902332394425e+01 2.818294287432332723e+01
2.679291027699915517e+01 8.015773712660966055e+01
1.927979483954485218e+01 5.998891001015726232e+01
4.253359697767768921e+01 7.993317976803534464e+01
9.469217099183070729e+01 9.406525782212253262e+01
7.530291080696193262e+01 2.531096647407021294e+01
2.703466943212226425e+01 7.779545733290196097e+01
7.225749677542970062e+01 2.388063181867934404e+01
2.395728551645008153e+01 8.386709796217630242e+01
7.420543987393703844e+01 2.562576444392309583e+01
1.796669736998694944e+01 5.911794174095528831e+01
1.002865829684486840e+02 8.605488423082334748e+01
4.268020137540741388e+01 8.050859258281488451e+01
4.173246935346443109e+01 7.320225363482664704e+01
9.978005615081386281e+01 8.561434695292345509e+01
4.639349134845721778e+01 7.299272590427169405e+01
2.538761141435726643e+01 7.551073998959788014e+01
7.476401539514186823e+01 2.413961339773232595e+01
4.018198063137994325e+01 8.197350844352659749e+01
2.019230100837447139e+01 6.075477328051983505e+01
3.001436303283173146e+01 7.216681330569259956e+01
3.087031410507111673e+01 7.610738575625312308e+01
7.425172704604983664e+01 2.110442203016544482e+01
7.690524580741204375e+01 2.487741896050248158e+01
7.585273746906381120e+01 3.223481394997921967e+01
8.243955425864194808e+01 3.211508108211502588e+01
9.091909111154276957e+01 8.848773861143946817e+01
9.386436741094873071e+01 8.424659482147264100e+01
7.602806671973112884e+01 3.354251718107522606e+01
4.542244033014242177e+01 6.987344829145578728e+01
4.365544514385733521e+01 7.239285530460190898e+01
9.442809894580574337e+01 8.906127658308682271e+01
9.267922656303576900e+01 8.514978476096722204e+01
6.965958754586684165e+01 2.009926233173627708e+01
9.164166114285958997e+01 8.541873541218471644e+01
2.996795601528880937e+01 8.186708747817404230e+01
7.088877301003729769e+01 2.050590706362885740e+01
2.449241458292203788e+01 6.149892483889764350e+01
9.282470528406706478e+01 8.661935141040939357e+01
2.316996651973188293e+01 8.040381229881269576e+01
7.739229304939092913e+01 1.751109619786540605e+01
7.894387750965758244e+01 3.344180831168445422e+01
9.762376969912793356e+01 8.768810765861353218e+01
9.513000548162484904e+01 9.036157872146586101e+01
7.627508448657722795e+01 3.295280105365549161e+01
3.153275707023372476e+01 7.782707275325256546e+01
4.621066584787592291e+01 7.708426147855550425e+01
2.139187433234825519e+01 5.726838240031298710e+01
7.466030298278272426e+01 3.086586056611742990e+01
7.375256478597219711e+01 2.556311437769018369e+01
4.027088662761301663e+01 7.815002809367365444e+01
9.902006286793360346e+01 8.719510572457122066e+01
1.360855197970645492e+01 6.142322217448386823e+01
1.603629221716951037e+01 5.749767351416278416e+01
1.945397930997472713e+01 8.542636558053033013e+01
9.279465503026102624e+01 9.084556436093475895e+01
2.690082899083707701e+01 7.520963702079203017e+01
1.701741461037910241e+01 6.313946615605375001e+01
2.313620420949163048e+01 7.001990894411683541e+01
9.619229996276574468e+01 8.861820911785613930e+01
2.028647342654766916e+01 7.311447863204173814e+01
2.130076270551723638e+01 6.089157572193500556e+01
9.610105827870661699e+01 8.330041822684941621e+01
2.011393297837139826e+01 5.738261258266319942e+01
4.706445789077825737e+01 8.472270949918653571e+01
2.166264192799986077e+01 5.432065942658256574e+01
4.596538973143704965e+01 7.855081931387272220e+01
2.055772733542864117e+01 6.426272100976657953e+01
1.740888065964163189e+01 6.124034045308735585e+01
4.605903019261141651e+01 7.493562934528951303e+01
1.814984028899360879e+01 5.896489095638762024e+01
2.969282988902662623e+01 7.949300625359042272e+01
8.055891356203730425e+01 1.935257558609821160e+01
8.350424899242254639e+01 3.052249021954395403e+01
1.822799142679433970e+01 6.582464508322794927e+01
1.948600705641399600e+01 6.332651707335228508e+01
4.423338924476392009e+01 7.321166688138998779e+01
2.708284007086553657e+01 5.701824317685230170e+01
9.156296282100709050e+01 8.605540841808655728e+01
8.850123981288867014e+01 8.177069238913514937e+01
2.072149115418525511e+01 6.434465575825112182e+01
9.748979717554234981e+01 8.824798174437627551e+01
9.046002477124849861e+01 8.227965199197440427e+01
2.032343632802939126e+01 6.079646849444907986e+01
3.066565399787531732e+01 7.684537379274217983e+01
2.467534159562900697e+01 8.411261951226605049e+01
4.076171321703647976e+01 7.488901624113796629e+01
4.978193533152792583e+01 8.001742155491606923e+01
7.327768406926358580e+01 2.284195832413621829e+01
1.046594459113861575e+01 6.025475857121035972e+01
3.405998677788817730e+01 8.392844801672764277e+01
2.889727926993622376e+01 7.677766910734921169e+01
9.789878506421372606e+01 9.224229343156878258e+01
2.294439746849334583e+01 6.541100006345317297e+01
7.460478976380541383e+01 2.170680431288160150e+01
4.610752024771939261e+01 7.676905780026248749e+01
1.961854375923993032e+01 5.986838556943740031e+01
7.383728206857180965e+01 2.586091229104950884e+01
1.537280890472028716e+01 5.469119601697602207e+01
2.636201679394994102e+01 6.025536662594574722e+01
2.851402903253862320e+01 8.780087718248336159e+01
5.018075014975063652e+01 8.349204813267363079e+01
2.353033942579953219e+01 7.615562342345660340e+01
3.639593293152859133e+01 7.883714292515924171e+01
2.232919593742564857e+01 8.570648629566855448e+01
1.557926402924536191e+01 6.324917056646967239e+01
2.132508602151721533e+01 7.363395327869801577e+01
2.475544233121557625e+01 8.249875685705994499e+01
2.215016726522183177e+01 6.006952519675383684e+01
1.006659479073721428e+02 8.779474728836170527e+01
1.897546497869231885e+01 5.651279130864978839e+01
1.902321107596805305e+01 5.261802851620173271e+01
2.564872088365999048e+01 7.975862626040100167e+01
4.283623144262493554e+01 8.156662645620373553e+01
7.526555891159172518e+01 2.953614845005815681e+01
9.888605619674866887e+01 8.276715786846646949e+01
9.426039926879204245e+01 9.168535476785646665e+01
7.968408821801818931e+01 2.383671979364090632e+01
3.101681922745057918e+01 8.414864284629464919e+01
1.715736517496523916e+01 6.458542355661961665e+01
2.598736903204928339e+01 8.463802405800720408e+01
5.041144844295457972e+01 7.882330173951822871e+01
9.496657126915140168e+01 8.580613637144801942e+01
7.332620842666690919e+01 2.399104912840753556e+01
9.710600518519981961e+01 8.848659913723574277e+01
2.060524167033923248e+01 6.515182815763581914e+01
3.972511506195573361e+01 8.094198333294167469e+01
8.122382752074281598e+01 2.659698196139072479e+01
2.978902027633090199e+01 8.710403085046704064e+01
7.724666357612825607e+01 3.430671678784298706e+01
8.869691219697251938e+01 9.147231888308752445e+01
3.903514509774956309e+01 8.354357628839905203e+01
2.765249879384075626e+01 7.748719713386800834e+01
2.202990053051998132e+01 6.552844770058294444e+01
2.725560406076588649e+01 7.736283302854567978e+01
7.383560403963888064e+01 3.755835866180436966e+01
9.465261623622275522e+01 8.605697864820929510e+01
9.236799076954331156e+01 8.226041239127502536e+01
3.699050094853251380e+01 7.586097628548809269e+01
3.748614591400340146e+01 8.515374046355195503e+01
2.432928401367773574e+01 7.910431729532400880e+01
4.623790277419215755e+01 8.141840491994008744e+01
2.058223923379109976e+01 6.274513609686349724e+01
2.346596887605942783e+01 6.257721519757429718e+01
2.571233300967697488e+01 8.279858253777364041e+01
8.282497379869913345e+01 3.195004782430343226e+01
7.470180110454936084e+01 2.806072721380176560e+01
4.915242006726686697e+01 8.056773298033553488e+01
2.982739153277580968e+01 9.188788617182569851e+01
4.978838584975017767e+01 7.015965727466112867e+01
2.413245103122483926e+01 7.685460189025516797e+01
8.103812467945463993e+01 2.226445637819043810e+01
2.660652961895079827e+01 7.304671058252198179e+01
2.786503142030385405e+01 7.676807797907457598e+01
3.221442641156409792e+01 7.868086025162591568e+01
1.875826682931524658e+01 6.013272850771491562e+01
2.173683873822539425e+01 6.430328702778277261e+01
4.222162904284178353e+01 7.360322513189937865e+01
1.979800473765403268e+01 5.921722431758765026e+01
2.409215857500842972e+01 6.267012003590083680e+01
7.499248475888445853e+01 2.807532378593528222e+01
2.609279888489587051e+01 8.317948257063507356e+01
2.809679705240145609e+01 7.631514980862067432e+01
2.422966411993021651e+01 8.234570102185416829e+01
4.104583675872370208e+01 8.217284763885179188e+01
4.472301116319781045e+01 8.124727136098533720e+01
9.454810571914302386e+01 8.991278858433388166e+01
7.286383670906674581e+01 1.827098967382908157e+01
9.420966025188400295e+01 9.398823725795729445e+01
4.755122652646159054e+01 7.382699228074720565e+01
2.368820201150726490e+01 6.315425412663108062e+01
2.315073987908122177e+01 6.577252135545401757e+01
4.018115866049693352e+01 7.748713845041851300e+01
2.357448807107985544e+01 7.751073881045029168e+01
2.874725525680467442e+01 7.679696897368118869e+01
7.837356255408455752e+01 3.325200157871289264e+01
3.825731872536091771e+01 7.670120436692685928e+01
4.196231002598218396e+01 7.969934032609452856e+01
9.379550858690821258e+01 9.160633980716984581e+01
1.951915868363551354e+01 6.069669240541345090e+01
3.000187305015386841e+01 8.160828073014532436e+01
2.701074343692324931e+01 7.603914827278141786e+01
8.074016559834727502e+01 2.109640171525020236e+01
3.891427979578519114e+01 7.352671443356339864e+01
4.534674823238686514e+01 7.522490467414907300e+01
4.554514341433632296e+01 7.313812674044642392e+01
7.385500762783792084e+01 2.702941105302553026e+01
1.573227235361908249e+01 6.022072520542648988e+01
1.306795993364774588e+01 5.800244587173586552e+01
1.020428439227487729e+02 8.398015620713579210e+01
1.910499333424662538e+01 5.328885793018323369e+01
8.924839282204162316e+01 8.341945569429418583e+01
7.895149857731620102e+01 2.678643116412617431e+01
3.442643913797601130e+01 8.417593011201506670e+01
1.467495090168997862e+01 6.139492632273381645e+01
2.998744086024721867e+01 8.776672368683939851e+01
2.701201691010204797e+01 8.139320684942524053e+01
1.879215511577210407e+01 8.348023537715076259e+01
2.767048624128329237e+01 8.336863707683504288e+01
3.811688131811638414e+01 7.990944073703433048e+01
9.752280246840462041e+01 8.684873624770760614e+01
7.722839718937673581e+01 2.244530844759467669e+01
7.340023576068564637e+01 3.335252437937018755e+01
7.294521427057642882e+01 2.707277864122104916e+01
3.934282352661817583e+01 7.851517943895596829e+01
3.932479547886167381e+01 8.257989260064583448e+01
4.304980932317993592e+01 7.247314344105973305e+01
2.888625927901295043e+01 6.712978783770017799e+01
9.623893211728692165e+01 9.069546785777879450e+01
8.703783692593545140e+01 8.526380998477090145e+01
4.742046879766455447e+01 8.458912416758263930e+01
8.703188930995744954e+01 8.820246523977169772e+01
7.715425236106203499e+01 2.543540895923645095e+01
8.350318894041872397e+01 2.136303963342873047e+01
2.379805401613143090e+01 8.712552132519859072e+01
9.412222279317857954e+01 9.357462378892080324e+01
1.560505390182917651e+01 6.380445333870223124e+01
1.061936301902989754e+01 6.930975540280564928e+01
9.467264568583584605e+01 8.791633245341353131e+01
2.799427138628086098e+01 8.103979983923514396e+01
7.743271175628837000e+01 2.610931776823375117e+01
2.558334194085647084e+01 7.663766476921929893e+01
8.987906401640550769e+01 8.866664033571197479e+01
7.653989853847943436e+01 1.686323601347216083e+01
7.554721550308059363e+01 2.688497306855969171e+01
1.926522393885928253e+01 5.932298461108352683e+01
7.024083096580650931e+01 2.720754399568560444e+01
3.190347765136019120e+01 8.347708233816277357e+01
3.721147772815787391e+01 8.095805264452907579e+01
2.920967941790534184e+01 7.682313147313406887e+01
9.754246066974694429e+01 8.729074907218632973e+01
4.929171186688131456e+01 7.863568608780163061e+01
9.100126940113044327e+01 8.951013166754422912e+01
9.122400969514114877e+01 9.054306532491717974e+01
2.646877171661314421e+01 7.673560816981141386e+01
2.291808497665373778e+01 6.714335785947022828e+01
7.813992700341448483e+01 2.830092349613569525e+01
1.026838103416486945e+02 9.008144963170984454e+01
9.416868671477617170e+01 9.052811068457393162e+01
2.356056848638960943e+01 6.555655242231406987e+01
1.434202172595166047e+01 5.651649213143502948e+01
7.380737045169337307e+01 3.782811616994459314e+01
2.853594297717476280e+01 7.848870951069990554e+01
2.844718677018200381e+01 7.199031981772775168e+01
3.850298379038574126e+01 7.239169562776348243e+01
9.639395245146388902e+01 8.241994906410754140e+01
1.833202904012372869e+01 5.862689224182047809e+01
7.787583365518592871e+01 3.362453526307990614e+01
4.111362673685194125e+01 7.574282867225508653e+01
8.077625866558267376e+01 3.152329658395178313e+01
7.684948618385956820e+01 2.134104558912892458e+01
7.926628711449670561e+01 2.241858689761609114e+01
1.009519272268074559e+02 8.793301675467999701e+01
4.458519133163787984e+01 7.956751252826458654e+01
4.579558799512013678e+01 7.726492134360796626e+01
9.969739129603672723e+01 9.363903115602109040e+01
3.391467456965303029e+01 7.720891249612824936e+01
7.696223267007201230e+01 2.325826048251158440e+01
7.479213568998029871e+01 2.976548929144897571e+01
2.641562983604035253e+01 5.473967263505832648e+01
7.982711735079519144e+01 2.355510800993077325e+01
8.927617313883945371e+01 9.143181039075432182e+01
4.051707445958528808e+01 8.467176186568850937e+01
1.029093231836268245e+02 8.984318240608989470e+01
4.513505136448623034e+01 7.981241791083873238e+01
2.880110909518015916e+01 7.587863693326629289e+01
3.741482051342625681e+01 7.442841127093156217e+01
7.705062295071901701e+01 1.900932534936099572e+01
4.222157631533229960e+01 7.789764482218598118e+01
4.887336680506062692e+01 7.660479813192011989e+01
9.467536149059773720e+01 8.807224577121250775e+01
9.767950474073361988e+01 9.027487660632905886e+01
1.699849122159561077e+01 6.009102193217223231e+01
2.621018244408782394e+01 7.703919258252503255e+01
7.675802954678536594e+01 3.205056759486616613e+01
1.809024366554843155e+01 7.213993317575881292e+01
4.506654452990144932e+01 7.558823663683237726e+01
7.629351073824840057e+01 2.563095079401416854e+01
4.668531101150487927e+01 7.980707864122013007e+01
2.315247245068421122e+01 8.044445731075097683e+01
3.655381648078289913e+01 7.454481767132155312e+01
9.363712866886105246e+01 8.175814178590955805e+01
7.470097519407157449e+01 3.169733642853245570e+01
7.084763239178550975e+01 2.815613407559288461e+01
4.096162058179837828e+01 7.706934573834514879e+01
7.736392517205446495e+01 2.762756498054807963e+01
9.585048581666372058e+01 8.834826804745557638e+01
2.718308360470449969e+01 7.638200596214188920e+01
9.414336822121101989e+01 8.512581548482044980e+01
9.367125497442935966e+01 8.540065907137039858e+01
2.247528793001944436e+01 7.804443098323355343e+01
7.704853165043425633e+01 2.542158711963171669e+01
9.985320540013395885e+01 8.768535682216017335e+01
2.612978237409810589e+01 5.633791750657442776e+01
8.800740690575449321e+01 9.546988811883498727e+01
9.378076118880655088e+01 9.085492896703404142e+01
7.633843102078348863e+01 2.778765976620922018e+01
1.333208740453743424e+01 6.209589307825123683e+01
1.768568586919828078e+01 5.869811955824586391e+01
9.459724589539180784e+01 8.189750823370022204e+01
2.423303180423088321e+01 5.971154719411975265e+01
2.965760010781635359e+01 7.844956941188679878e+01
9.119135487065129553e+01 8.829766307386688595e+01
4.180158784110102488e+01 7.462323543537070236e+01
9.332096706466100500e+01 9.003313644513620773e+01
2.141931882746916926e+01 8.545221888361473361e+01
2.168304960503616030e+01 5.431477237137689684e+01
4.163717931025097840e+01 8.222591967620660114e+01
3.658942027293386445e+01 8.234590861076267743e+01
4.345329396945480482e+01 7.824586785341610096e+01
2.687817128040682491e+01 8.338622144278517112e+01
2.224461741194199504e+01 6.997997145603011404e+01
4.512908513175396052e+01 7.751237192884553906e+01
8.260199830646658370e+01 2.949394984725241642e+01
4.425075518372054972e+01 8.212146401682650776e+01
2.118393529305283707e+01 5.886124311097883322e+01
1.339220927753798840e+01 6.620445729539225965e+01
7.995939731375365511e+01 2.837798147022624562e+01
1.676745579076291648e+01 6.101029029946581517e+01
4.327793100719408415e+01 7.676361656038760373e+01
2.671489910045250582e+01 8.141231873688734311e+01
7.418620260574591896e+01 3.105065928347451631e+01
7.610045590253223224e+01 3.042206963737772085e+01
3.766112677726557223e+01 7.719148642681946626e+01
7.112276185852435617e+01 2.760614938437380772e+01
9.410220451230516403e+01 8.634891986269417430e+01
8.968516080944263535e+01 8.812955663103160475e+01
2.595796384608749818e+01 7.989488314876969355e+01
3.023599290730513900e+01 8.184761086853589518e+01
3.503512421702414770e+01 7.373947891959548429e+01
7.332423615083729374e+01 3.026006033236714288e+01
1.214837449105738543e+01 6.316361072949801070e+01
7.008650222945968267e+01 3.507064482438416064e+01
1.991864956752592519e+01 6.219367485012115537e+01
2.216563422649886661e+01 8.577334795226518338e+01
7.933220236934037928e+01 9.061521235643384387e+01
1.914871212881318030e+01 6.316814517025216702e+01
4.028776833964010251e+01 8.439650830263821035e+01
1.541354817756882412e+01 6.292556005653938911e+01
9.152487802430012209e+01 9.653420582294256747e+01
4.498885001700499942e+01 7.856830765705775832e+01
3.971293559992965072e+01 8.445524148996898361e+01
4.132997363069766550e+01 7.495798387178771804e+01
2.521116910033230596e+01 7.820000044116761728e+01
2.094499729250071596e+01 6.477514779960316105e+01
1.885902997925926172e+01 6.043855853580691928e+01
7.834834014830389037e+01 2.381805767227201187e+01
3.607281539197599329e+01 7.411000440488257368e+01
2.705492422101825412e+01 7.875502188085083333e+01
4.101130564812537216e+01 8.200144565432437105e+01
3.172704174787046938e+01 8.343089601824692636e+01
9.204068635730118331e+01 8.894381817263320045e+01
9.766246587791729894e+01 8.923020233138555568e+01
9.940650329687878184e+01 8.624804661270628969e+01
3.871871040017391863e+01 7.222980620737578761e+01
2.439356040468898001e+01 8.062830379434740280e+01
2.935223931349599269e+01 8.469126702613445445e+01
4.260527822410858079e+01 7.782036648820238156e+01
3.302140920158462478e+01 8.467221512763200053e+01
8.117528135998183814e+01 2.610848629888299044e+01
9.729091172127297682e+01 8.003699657769483622e+01
7.453475169049805515e+01 2.802553781769739416e+01
2.589762066741996804e+01 9.182388697759475349e+01
1.036900543693589682e+01 5.619863827911233045e+01
1.908794548178646266e+01 6.696149816305911884e+01
2.437074124524954399e+01 7.831441355868474830e+01
9.552180466386748492e+01 8.174361494604526968e+01
3.074629643953813840e+01 8.409073190314539659e+01
9.519197388975645424e+01 9.202939622989657664e+01
4.639770759435558034e+01 6.894824204468666551e+01
2.101275416537830409e+01 5.940310321184897902e+01
1.921276374333955772e+01 6.045100559723817923e+01
1.447834161153943633e+01 6.178182516064597962e+01
3.094019670804269850e+01 7.689937309406862198e+01
2.471653149250388282e+01 7.845977733399855936e+01
7.868850258627962546e+01 3.127586298088532146e+01
2.988915436994975039e+01 8.193773990989420497e+01
4.274007876437288189e+01 7.756901813982597105e+01
1.396981389530540518e+01 6.258658919355315220e+01
2.463863598320227766e+01 7.957298520298901678e+01
4.464330137723592173e+01 7.633865302709585876e+01
4.920045166513101975e+01 7.916498851781020107e+01
2.742021853677861642e+01 7.975587895498976820e+01
2.659554421987508022e+01 6.221246137875586157e+01
2.785120839322710040e+01 8.419569743413049423e+01
3.284302902379420885e+01 8.621390270336141270e+01
9.467960844730023950e+01 8.784306272331033938e+01
2.807032670280847597e+01 7.442079370906483859e+01
3.042164398208341325e+01 8.144582709898298845e+01
2.467150141997340995e+01 8.466883666790143081e+01
9.567867786441453859e+01 8.756865139818056321e+01
3.112110988487744834e+01 8.274230858877056960e+01
2.574696163977753827e+01 8.092569102247735202e+01
1.945927740258320071e+01 6.029758911051017378e+01
2.855789349130952814e+01 7.937862517665990936e+01
2.319095832032879301e+01 5.842281309503181319e+01
3.122267280092161457e+01 8.424448309529871892e+01
2.147552889366351536e+01 6.233474572803564939e+01
2.232446076723590167e+01 5.580552802476612584e+01
2.685944619214291151e+01 8.167610967594583826e+01
4.759705216952362150e+01 7.683676533525233765e+01
8.603166322893966367e+01 2.579135409370798371e+01
2.325575669872973350e+01 7.768695860122510055e+01
9.183308092727891392e+01 8.420347579601188670e+01
2.241268502987283284e+01 5.738225689508250582e+01
4.246624966112577937e+01 7.907660586107175504e+01
3.300584936470114172e+01 8.785867941737407705e+01
9.248248211258990636e+01 9.155180572815311280e+01
9.565746460896509973e+01 8.620366370379439047e+01
2.944008657682253016e+01 8.237669293719393693e+01
1.037243498945000368e+02 9.031190881829749628e+01
1.017842487551352519e+02 8.297329188815140810e+01
9.921555900754600543e+01 9.499582412529147746e+01
7.624685326921743922e+01 3.141446730701568057e+01
5.013812418438818952e+01 7.916406401145640359e+01
7.765026202703867853e+01 2.462952516695665039e+01
5.127340577446388181e+01 7.727737224728709009e+01
9.089959427452760110e+01 8.981745904140770165e+01
9.131066341979078516e+01 8.843427654790389170e+01
7.905097148652126293e+01 2.925851553861837218e+01
9.986541071653405766e+01 8.939890734562926866e+01
3.952896239677811252e+01 7.724197796336008537e+01
3.695550358077539954e+01 7.331019286099898125e+01
4.229567138425078099e+01 7.650073107903754988e+01
4.451756878162791509e+01 8.606987673499794766e+01
9.982730866163711880e+01 8.369510173119654439e+01
7.842564799189879921e+01 2.502802136201391292e+01
8.018086020576859596e+01 2.377904773194144283e+01
2.325825777210969036e+01 7.190220787360439658e+01
2.442306568395285282e+01 8.220901752164651555e+01
9.651643616752895127e+01 9.372520005517539232e+01
7.730558359032160354e+01 3.141930819243074069e+01
1.506348025244107447e+01 6.130738882452694583e+01
7.745969037022473458e+01 1.850490139032309855e+01
9.785313136341811457e+01 8.235828913842077270e+01
9.502041307135519332e+01 8.348227969136705440e+01
9.664950612167169197e+01 9.156216259133654489e+01
2.314880964455994672e+01 8.111908746694396655e+01
2.050544034426654605e+01 6.487986982800484270e+01
5.163578778863146113e+01 7.179286098233910707e+01
2.110756088712133760e+01 5.861344686119854686e+01
4.812976105157500228e+01 6.737188270901560827e+01
9.647628114125029697e+01 8.844100027598240388e+01
9.219373764605860799e+01 8.589461055594073002e+01
1.335253246150696071e+01 6.118509553314769533e+01
7.765749517454747775e+01 3.501291243089217886e+01
2.862256125296474352e+01 8.102769794307828022e+01
9.291579618893945280e+01 8.637150817686737980e+01
3.596531448186014757e+01 7.570583572118086124e+01
9.231560283157085678e+01 8.561800313561194287e+01
1.751979930403422259e+01 5.975580677559338483e+01
3.952383407538069804e+01 8.363448610568316610e+01
2.106861139133019378e+01 6.443321793040264822e+01
4.042538863461128784e+01 7.676699842612082136e+01
2.608455017934206310e+01 7.723151071522745781e+01
7.277499368208687258e+01 2.524968993637734727e+01
3.643884534755182614e+01 7.811010608075406481e+01
9.795557636253180078e+01 8.744175766996592358e+01
7.575778508972901193e+01 2.531752962223648495e+01
8.002074418666509814e+01 3.051123001511038169e+01
2.595654295186530547e+01 8.559752241641142234e+01
8.947572936615839012e+01 8.327489799270600201e+01
1.831587795453410195e+01 6.514539830923484942e+01
2.573032564445983539e+01 8.112213927733363050e+01
7.840007602509943752e+01 1.902849503813635934e+01
9.157571756824819431e+01 8.277411362148862395e+01
7.913801845787062916e+01 2.395181629289533731e+01
9.399896238069111121e+01 8.381860150719484182e+01
1.012146802479246759e+02 9.166979786735522850e+01
7.734140892179875948e+01 2.336374490317727037e+01
7.814879610279379563e+01 2.513265055936941650e+01
6.966071392442150056e+01 2.064196892200437361e+01
1.929135267251785635e+01 7.573615807139935896e+01
9.439987716884637337e+01 9.049711056476529336e+01
3.186854341304777805e+01 7.190196919700400713e+01
1.593697688501870147e+01 5.806432140235160944e+01
1.020925361864109533e+02 9.079760423671922354e+01
8.374024048639256534e+01 3.590268900593838453e+01
4.601732372417414751e+01 7.834714508023664337e+01
2.792403007476895027e+01 7.622494502500364888e+01
9.503368370766946782e+01 8.410591058037778112e+01
7.607495656323132494e+01 2.798655286732199343e+01
2.297298703569006051e+01 6.590346253822498568e+01
8.457796268785638460e+01 8.729629700994020425e+01
4.474336172732184735e+01 8.041442714890555976e+01
7.989664496864440935e+01 2.469034624792307397e+01
4.833465620446896338e+01 8.003509480151555522e+01
9.158234074707060302e+01 8.940392847929103937e+01
4.886019723135636639e+01 7.802420602263067906e+01
2.405000590169517594e+01 5.579050189748980415e+01
1.706434202700759428e+01 6.136198546697963252e+01
1.785733067288511577e+01 6.359069993356084183e+01
2.709296518547903432e+01 7.871405432690055193e+01
9.797230750643433339e+01 9.259845064667783276e+01
7.657504568567549086e+01 3.129534876028207435e+01
4.474978056670359194e+01 7.611725673922093449e+01
2.181578867229050900e+01 6.212225218171984409e+01
7.858948252498944953e+01 2.601116401206906303e+01
5.352581297153520268e+01 7.759485049154669412e+01
7.798440620795568634e+01 2.710273413587513147e+01
9.679584060938051948e+01 8.603375597405546671e+01
9.520516447689864492e+01 9.022320858028072621e+01
2.029045207615933322e+01 6.370454596836754035e+01
4.503800860404751916e+01 7.723031005889676237e+01
2.605707085357694552e+01 8.305369601271027591e+01
4.107948520005930959e+01 7.166178156037045710e+01
2.081799488771391893e+01 4.733470169044441178e+01
5.394304263424118062e+01 7.720557830623781115e+01
2.624000060515648514e+01 8.573442251240737733e+01
2.277033896794682377e+01 6.554131866331658784e+01
1.964161316881548913e+01 5.458194454177525756e+01
9.792557296962111479e+01 9.343016951312023366e+01
9.213657789418556376e+01 8.322583711299242282e+01
9.498252422439213660e+01 8.942458964830382229e+01
4.499278620682357399e+01 8.154993139221427612e+01
4.109467437819604640e+01 7.841031801579660510e+01
3.442023488969334721e+01 7.904265351006996809e+01
1.484902335278271224e+01 5.924989548790019711e+01
8.677326074199922346e+01 2.966116515852739965e+01
7.453633255825401704e+01 2.919600620243049960e+01
9.600603925741998523e+01 8.203116637435300618e+01
4.248646294576050053e+01 7.297624305856577109e+01
7.516340862469692752e+01 2.269098368328658921e+01
6.992587505242256896e+01 2.784817162922816536e+01
1.027278875281988633e+02 9.500269243714538447e+01
8.653450697378465861e+01 8.656481053366326250e+01
7.394275458597522288e+01 2.763747676776511497e+01
9.773925931952319957e+01 9.190100657888667968e+01
4.768590110780090185e+01 7.950570483980071401e+01
2.735529792592140907e+01 8.244416751358522788e+01
2.246232760460763345e+01 5.474590703682523696e+01
2.004376898281755359e+01 6.715671310672898642e+01
1.841324625446494778e+01 6.166192509834022673e+01
4.679503939580416016e+01 7.693105445933728959e+01
4.080870301000652489e+01 7.428222066941206947e+01
2.183452262380575348e+01 8.234313747544469209e+01
3.380323651992879519e+01 7.850850862529598828e+01
9.225741942018267139e+01 8.239795921077919161e+01
4.077033714784278828e+01 8.390559555230316846e+01
2.600653080286639351e+01 8.087498356514765874e+01
9.868854793143965765e+01 8.474572417045148143e+01
3.605413353600398807e+01 7.918312706133582424e+01
7.859703662671464031e+01 2.196797260126851015e+01
8.515155722173685149e+01 2.729822003509301709e+01
1.651529888832728687e+01 6.199690878211267631e+01
3.709445060616340584e+01 8.398009039025923528e+01
4.511845618674833958e+01 7.210909675694047394e+01
4.567744340542376591e+01 7.916170202809676937e+01
7.740385256613259912e+01 2.026735248739865014e+01
9.640800910617009833e+01 7.927424597849886823e+01
7.511326908059616869e+01 2.719617164698240330e+01
7.350068490304130364e+01 2.775032920502228606e+01
2.730881675470696379e+01 7.310929104412591073e+01
3.073456149829664952e+01 7.975498109864142293e+01
1.827722146471984743e+01 6.265666125910282602e+01
6.882965989689883202e+01 2.708142831240709114e+01
2.624527804987839374e+01 8.377485585251012878e+01
9.563557879128821071e+01 8.350177871924532269e+01
4.059853284663799400e+01 8.015034813159111593e+01
7.588262592110727667e+01 2.640463448229148824e+01
1.199187506513047552e+01 6.121102910197757296e+01
3.747207810921536009e+01 8.169763606494612418e+01
4.119561710682327771e+01 7.766410840107654678e+01
7.397600970870844606e+01 2.414501151163922188e+01
7.461555516723571202e+01 3.057592403066978903e+01
2.507802828544605944e+01 6.241058774864727354e+01
9.021393073898643422e+01 8.766484162123923340e+01
1.866999233165963545e+01 5.938635663868967640e+01
3.608193763208301874e+01 7.695885674879980343e+01
9.722954079371871217e+01 8.930618904678884462e+01
7.501362084653634099e+01 2.457051861797268089e+01
2.037550276349689682e+01 6.048639379787262271e+01
3.703432871122130621e+01 7.711056516296333996e+01
3.357937005188732371e+01 8.256996873909652379e+01
9.311576044487377146e+01 8.442815660236500719e+01
2.331475410958201877e+01 8.487996020944407860e+01
4.402290318056614637e+01 7.438990371048976158e+01
7.647373952050774903e+01 2.604334536221901075e+01
2.021247810343377793e+01 6.505485118161655578e+01
9.010763139344072670e+01 9.318565713034305986e+01
7.207436326941980553e+01 2.443382769276828981e+01
8.309950076094730775e+01 2.690043638848941043e+01
7.591677923540623851e+01 2.824810361691617899e+01
3.845654338100925429e+01 7.485470412064113077e+01
4.533532450181724016e+01 8.555491273382338591e+01
1.849643880759879266e+01 7.551532257499309253e+01
8.121597266374283208e+01 3.010154298893844782e+01
2.286352865165706660e+01 7.868523745130295310e+01
9.179053658797072046e+01 9.486014308031745657e+01
7.854239775580748528e+01 2.668519633055624141e+01
9.810000826207900104e+01 9.525243514452282056e+01
8.238607789857212538e+01 3.665923023971718919e+01
8.279265770904871147e+01 2.723153400445252004e+01
9.426760356179201494e+01 8.518141913206055449e+01
4.267372825563521843e+01 7.822695571805651582e+01
2.807291653480104543e+01 7.627900015346826024e+01
8.170667646799321915e+01 3.503403599956624248e+01
4.498866726740232025e+01 8.062080751801627798e+01
4.047606466507797052e+01 8.096788395421909001e+01
2.097479262395514965e+01 6.272995107207078291e+01
1.754239075523284086e+01 6.116972384067493351e+01
9.274058662140022591e+01 8.943763524934702502e+01
9.536957515832783372e+01 8.566617661585459587e+01
2.490771879361137309e+01 8.092648772157771475e+01
3.768156174883523590e+01 7.513114771518482371e+01
2.036947029667094355e+01 8.159071419519116830e+01
2.652594786791714299e+01 7.795399744439221479e+01
3.661588022204458781e+01 8.100019179039315986e+01
9.767931733810077333e+01 7.626616722296610362e+01
5.018299421364829982e+01 7.525214187045629899e+01
4.266024971283427192e+01 8.094200577334780178e+01
2.222680129370170476e+01 6.126098012563669215e+01
5.144600421697441561e+01 7.228923050296849340e+01
1.964683511545431571e+01 6.552003964991577334e+01
3.972241001371681079e+01 7.336138753798701373e+01
2.337940281551679433e+01 7.581111139111351349e+01
9.329414341641054875e+01 8.841399261868598103e+01
8.137342690657712296e+01 3.091175531509587771e+01
1.736906467471036919e+01 6.293851894739924546e+01
3.104940656553467093e+01 8.365025626093327560e+01
1.704312957320834698e+01 6.039270316107903369e+01
1.004705482423805023e+02 8.079963211168445980e+01
2.318591936731034053e+01 8.096003664037066017e+01
2.562460083783025055e+01 7.384445568991026221e+01
7.935459202076478391e+01 2.375863140460994316e+01
7.905415581666677838e+01 2.961162074820032686e+01
7.155057521690146416e+01 3.044077995286972182e+01
2.480013551385151160e+01 6.565039016419343909e+01
9.338309753804794866e+01 8.679780487241747267e+01
2.424505835602787940e+01 5.540114612002638950e+01
8.056979933957468631e+01 2.335514147193694257e+01
2.533967212033147121e+01 7.796743665809381696e+01
2.460344739017818938e+01 7.718883854587664928e+01
9.378994189562662598e+01 9.533109545220457903e+01
1.958841909329709097e+01 5.930294692862419481e+01
7.426680079352247787e+01 2.959028576111430553e+01
8.717557061910375182e+01 8.597519454958595020e+01
9.475462200527721279e+01 8.600426604694260391e+01
2.128971245976280002e+01 8.156458913109391062e+01
4.135171414085168351e+01 7.609738349798766421e+01
2.989504121865789443e+01 7.903677386543299122e+01
9.126606648326024640e+01 8.819922201298480502e+01
1.006803529841712361e+02 8.833825670499292926e+01
2.969118810823768229e+01 7.495717671825023842e+01
7.675353586194637501e+01 2.422323506555035522e+01
2.337783186695158832e+01 5.986257027087917493e+01
2.512049958829263119e+01 7.225096637870413474e+01
6.873921707448388929e+01 1.819898096302755164e+01
2.715015354657536761e+01 7.634998908092038050e+01
4.290675282437418048e+01 7.678207304740426764e+01
1.968711656880506311e+01 6.268673861592896657e+01
2.053599463916103929e+01 5.778866619375821756e+01
2.708209495240631881e+01 8.498155087178874112e+01
8.094378801485453323e+01 2.829679724771109761e+01
8.047363274796175858e+01 2.678769869950872362e+01
2.011475087688316776e+01 5.941845026531623830e+01
9.660248819223967587e+01 8.504274471262053225e+01
1.980795913462113944e+01 6.440765083021179294e+01
9.138689504958846044e+01 8.801059485200684662e+01
4.449276638851623744e+01 7.654453081187695318e+01
7.575136327509866874e+01 2.725831026774084975e+01
2.385872300801503343e+01 5.646433523236718344e+01
9.339677824494056324e+01 8.733790955444318627e+01
1.758136153049175832e+01 6.370192091413292701e+01
7.173256214793944707e+01 2.799850190651484283e+01
2.952381861212669989e+01 8.127320703224873455e+01
9.094249075446175823e+01 9.022665909886968905e+01
9.061528123559095604e+01 8.832212312869499726e+01
9.545015618554789683e+01 8.977749231508113326e+01
9.947466376724109693e+01 8.941445908279511912e+01
3.609332749052358480e+01 7.413726753854271578e+01
7.525662882856462943e+01 3.049159057559807451e+01
1.201903008962876562e+01 6.643030315256140739e+01
2.136361825620577903e+01 7.790964513789454315e+01
7.369835280890890772e+01 2.743394983418779987e+01
9.157099581574722436e+01 7.822976410113169266e+01
4.282325039322580551e+01 7.627325730802529336e+01
4.333416256849793768e+01 8.195095456278002644e+01
9.357652934601757977e+01 8.168849429988520683e+01
1.800708412564103256e+01 6.931748101126873962e+01
4.303400101275543221e+01 7.656226746063363464e+01
4.770008559859134323e+01 7.579441155456831325e+01
8.738587591785947950e+01 8.695268660801430372e+01
2.615450164782370024e+01 7.442373564581453138e+01
1.817853593672329993e+01 5.973509073607350217e+01
2.122337881176071761e+01 6.777140355144558725e+01
7.742351644654367249e+01 2.342430929407267470e+01
1.966997246504873331e+01 6.552281925031600451e+01
7.917104825518444500e+01 2.933402233144148497e+01
2.541870296901727144e+01 8.026984104504231254e+01
9.625011365556488840e+01 8.924764680694521246e+01
1.694425471518248116e+01 5.843500759487184126e+01
2.645348683476261442e+01 8.004102719744716410e+01
7.651603403939839154e+01 2.525296289561288887e+01
2.820720159456850240e+01 8.130657845773687598e+01
3.899295230743256724e+01 7.920333883167502620e+01
7.695436198521639426e+01 1.961120708818338088e+01
8.471594750685568442e+01 3.335845307035832263e+01
1.274705622978609298e+01 6.031157712566270845e+01
9.969189691746561266e+01 8.757302297314883788e+01
4.048295033518535746e+01 6.884602930375280039e+01
2.490674054757824507e+01 7.574293278569547283e+01
2.662892695098252460e+01 7.179566258439646731e+01
9.605641703003577447e+01 8.877037697582056808e+01
1.520781513113792016e+01 5.663248208256418081e+01
9.199054019637814861e+01 8.821277667795180832e+01
8.843720356113340131e+01 8.719219026481098922e+01
2.482934139452742528e+01 7.666126494707225447e+01
4.954627499317047779e+01 7.315330471296587689e+01
1.552175238758337272e+01 6.249271027987837357e+01
3.220650449311582264e+01 8.154448748204802655e+01
4.468100224611310267e+01 8.197892152543225563e+01
8.005150148797949328e+01 2.647261833329710257e+01
2.195716399120712481e+01 5.888668241919660318e+01
7.909580271120469774e+01 2.895560036236776824e+01
9.370409682955072483e+00 6.775288826605510906e+01
4.190940933275132352e+01 7.030022517392636416e+01
7.359065469360859879e+01 2.871597452548907725e+01
4.034093434834809244e+01 7.731800008174209893e+01
4.452323987833415941e+01 8.123796065766964603e+01
3.728468411960270146e+01 7.597836393826467827e+01
9.156986811477914046e+01 8.404535628636114097e+01
2.660346329661906850e+01 6.474062706549381119e+01
2.265819705688380026e+01 6.134378313347809808e+01
2.277372209996005736e+01 5.350374905216347088e+01
2.148834337074685408e+01 6.174681907971682193e+01
7.756893660043502337e+01 2.398535912369434442e+01
9.172896221969517683e+01 8.524238307638303525e+01
8.019235348293176457e+01 2.945351840166372526e+01
9.643032768142252564e+01 8.308272196481911465e+01
6.844843069781892098e+01 2.654026297218485553e+01
2.128471886999276208e+01 7.264414465234162321e+01
1.944511280883649817e+01 6.278470407511154150e+01
8.193162525066313151e+01 2.554547615276224093e+01
7.084672046189805883e+01 1.721998496201019435e+01
2.177733848935903183e+01 6.368280020451859258e+01
3.922517077300987864e+01 7.652394585218469558e+01
1.762411612427794694e+01 6.159724179167729829e+01
4.853137645680944701e+01 7.996323749155234850e+01
1.805389641280299173e+01 5.789344545223566030e+01
2.439161461993856861e+01 5.836943343627653746e+01
4.253435875922162523e+01 7.582525883023404845e+01
2.982686770615045191e+01 7.843107853410110408e+01
2.975944493220239551e+01 7.293973890438817875e+01
9.468507081090245947e+01 8.818926562371667899e+01
4.635780153309909224e+01 7.779162561628444905e+01
9.568261219527870765e+01 8.393135635133400285e+01
9.103824745748453040e+01 8.692467723061028551e+01
3.148878415112777063e+01 8.774235964726528891e+01
9.440760024257534155e+01 8.552997775982797179e+01
